0.000000    2.000000
0.001000    2.000000
0.002000    2.000002
0.003000    2.000006
0.004000    2.000012
0.005000    2.000020
0.006000    2.000030
0.007000    2.000042
0.008000    2.000056
0.009000    2.000072
0.010000    2.000090
0.011000    2.000110
0.012000    2.000132
0.013000    2.000156
0.014000    2.000182
0.015000    2.000210
0.016000    2.000240
0.017000    2.000272
0.018000    2.000306
0.019000    2.000342
0.020000    2.000380
0.021000    2.000420
0.022000    2.000462
0.023000    2.000506
0.024000    2.000552
0.025000    2.000600
0.026000    2.000650
0.027000    2.000702
0.028000    2.000756
0.029000    2.000812
0.030000    2.000870
0.031000    2.000930
0.032000    2.000992
0.033000    2.001056
0.034000    2.001122
0.035000    2.001190
0.036000    2.001261
0.037000    2.001333
0.038000    2.001407
0.039000    2.001483
0.040000    2.001561
0.041000    2.001641
0.042000    2.001723
0.043000    2.001807
0.044000    2.001893
0.045000    2.001981
0.046000    2.002071
0.047000    2.002163
0.048000    2.002257
0.049000    2.002353
0.050000    2.002452
0.051000    2.002552
0.052000    2.002654
0.053000    2.002758
0.054000    2.002864
0.055000    2.002972
0.056000    2.003083
0.057000    2.003195
0.058000    2.003309
0.059000    2.003425
0.060000    2.003543
0.061000    2.003663
0.062000    2.003786
0.063000    2.003910
0.064000    2.004036
0.065000    2.004164
0.066000    2.004295
0.067000    2.004427
0.068000    2.004561
0.069000    2.004698
0.070000    2.004836
0.071000    2.004976
0.072000    2.005119
0.073000    2.005263
0.074000    2.005409
0.075000    2.005558
0.076000    2.005708
0.077000    2.005861
0.078000    2.006015
0.079000    2.006171
0.080000    2.006330
0.081000    2.006490
0.082000    2.006653
0.083000    2.006818
0.084000    2.006984
0.085000    2.007153
0.086000    2.007324
0.087000    2.007496
0.088000    2.007671
0.089000    2.007848
0.090000    2.008026
0.091000    2.008207
0.092000    2.008390
0.093000    2.008574
0.094000    2.008761
0.095000    2.008950
0.096000    2.009141
0.097000    2.009334
0.098000    2.009528
0.099000    2.009725
0.100000    2.009924
0.101000    2.010125
0.102000    2.010329
0.103000    2.010534
0.104000    2.010741
0.105000    2.010950
0.106000    2.011161
0.107000    2.011374
0.108000    2.011590
0.109000    2.011807
0.110000    2.012026
0.111000    2.012247
0.112000    2.012471
0.113000    2.012696
0.114000    2.012923
0.115000    2.013153
0.116000    2.013384
0.117000    2.013618
0.118000    2.013854
0.119000    2.014091
0.120000    2.014331
0.121000    2.014573
0.122000    2.014816
0.123000    2.015062
0.124000    2.015310
0.125000    2.015560
0.126000    2.015812
0.127000    2.016066
0.128000    2.016322
0.129000    2.016580
0.130000    2.016840
0.131000    2.017102
0.132000    2.017367
0.133000    2.017633
0.134000    2.017901
0.135000    2.018172
0.136000    2.018444
0.137000    2.018719
0.138000    2.018995
0.139000    2.019274
0.140000    2.019555
0.141000    2.019837
0.142000    2.020122
0.143000    2.020409
0.144000    2.020698
0.145000    2.020989
0.146000    2.021282
0.147000    2.021577
0.148000    2.021874
0.149000    2.022173
0.150000    2.022475
0.151000    2.022778
0.152000    2.023083
0.153000    2.023391
0.154000    2.023700
0.155000    2.024012
0.156000    2.024326
0.157000    2.024642
0.158000    2.024960
0.159000    2.025280
0.160000    2.025602
0.161000    2.025926
0.162000    2.026252
0.163000    2.026580
0.164000    2.026911
0.165000    2.027243
0.166000    2.027577
0.167000    2.027914
0.168000    2.028253
0.169000    2.028593
0.170000    2.028936
0.171000    2.029281
0.172000    2.029628
0.173000    2.029977
0.174000    2.030328
0.175000    2.030682
0.176000    2.031037
0.177000    2.031394
0.178000    2.031754
0.179000    2.032116
0.180000    2.032480
0.181000    2.032845
0.182000    2.033213
0.183000    2.033583
0.184000    2.033955
0.185000    2.034330
0.186000    2.034706
0.187000    2.035084
0.188000    2.035465
0.189000    2.035848
0.190000    2.036232
0.191000    2.036619
0.192000    2.037009
0.193000    2.037400
0.194000    2.037793
0.195000    2.038188
0.196000    2.038585
0.197000    2.038985
0.198000    2.039387
0.199000    2.039791
0.200000    2.040197
0.201000    2.040605
0.202000    2.041015
0.203000    2.041427
0.204000    2.041841
0.205000    2.042258
0.206000    2.042676
0.207000    2.043097
0.208000    2.043520
0.209000    2.043945
0.210000    2.044373
0.211000    2.044802
0.212000    2.045233
0.213000    2.045667
0.214000    2.046103
0.215000    2.046541
0.216000    2.046981
0.217000    2.047423
0.218000    2.047868
0.219000    2.048314
0.220000    2.048762
0.221000    2.049213
0.222000    2.049666
0.223000    2.050121
0.224000    2.050578
0.225000    2.051038
0.226000    2.051499
0.227000    2.051963
0.228000    2.052429
0.229000    2.052897
0.230000    2.053367
0.231000    2.053839
0.232000    2.054314
0.233000    2.054790
0.234000    2.055269
0.235000    2.055750
0.236000    2.056233
0.237000    2.056718
0.238000    2.057206
0.239000    2.057695
0.240000    2.058187
0.241000    2.058681
0.242000    2.059177
0.243000    2.059676
0.244000    2.060176
0.245000    2.060679
0.246000    2.061184
0.247000    2.061691
0.248000    2.062200
0.249000    2.062711
0.250000    2.063225
0.251000    2.063741
0.252000    2.064259
0.253000    2.064779
0.254000    2.065301
0.255000    2.065826
0.256000    2.066353
0.257000    2.066882
0.258000    2.067413
0.259000    2.067946
0.260000    2.068482
0.261000    2.069020
0.262000    2.069560
0.263000    2.070102
0.264000    2.070646
0.265000    2.071193
0.266000    2.071742
0.267000    2.072293
0.268000    2.072846
0.269000    2.073402
0.270000    2.073959
0.271000    2.074519
0.272000    2.075082
0.273000    2.075646
0.274000    2.076213
0.275000    2.076782
0.276000    2.077353
0.277000    2.077926
0.278000    2.078501
0.279000    2.079079
0.280000    2.079659
0.281000    2.080242
0.282000    2.080826
0.283000    2.081413
0.284000    2.082002
0.285000    2.082593
0.286000    2.083187
0.287000    2.083783
0.288000    2.084381
0.289000    2.084981
0.290000    2.085583
0.291000    2.086188
0.292000    2.086795
0.293000    2.087405
0.294000    2.088016
0.295000    2.088630
0.296000    2.089246
0.297000    2.089865
0.298000    2.090485
0.299000    2.091108
0.300000    2.091733
0.301000    2.092361
0.302000    2.092991
0.303000    2.093623
0.304000    2.094257
0.305000    2.094894
0.306000    2.095533
0.307000    2.096174
0.308000    2.096818
0.309000    2.097464
0.310000    2.098112
0.311000    2.098762
0.312000    2.099415
0.313000    2.100070
0.314000    2.100727
0.315000    2.101387
0.316000    2.102049
0.317000    2.102713
0.318000    2.103379
0.319000    2.104048
0.320000    2.104719
0.321000    2.105393
0.322000    2.106069
0.323000    2.106747
0.324000    2.107427
0.325000    2.108110
0.326000    2.108795
0.327000    2.109483
0.328000    2.110173
0.329000    2.110865
0.330000    2.111559
0.331000    2.112256
0.332000    2.112955
0.333000    2.113657
0.334000    2.114360
0.335000    2.115067
0.336000    2.115775
0.337000    2.116486
0.338000    2.117199
0.339000    2.117915
0.340000    2.118633
0.341000    2.119353
0.342000    2.120076
0.343000    2.120801
0.344000    2.121528
0.345000    2.122258
0.346000    2.122990
0.347000    2.123725
0.348000    2.124462
0.349000    2.125201
0.350000    2.125943
0.351000    2.126687
0.352000    2.127434
0.353000    2.128182
0.354000    2.128934
0.355000    2.129687
0.356000    2.130443
0.357000    2.131202
0.358000    2.131963
0.359000    2.132726
0.360000    2.133491
0.361000    2.134259
0.362000    2.135030
0.363000    2.135803
0.364000    2.136578
0.365000    2.137356
0.366000    2.138136
0.367000    2.138918
0.368000    2.139703
0.369000    2.140491
0.370000    2.141281
0.371000    2.142073
0.372000    2.142868
0.373000    2.143665
0.374000    2.144464
0.375000    2.145266
0.376000    2.146071
0.377000    2.146878
0.378000    2.147687
0.379000    2.148499
0.380000    2.149313
0.381000    2.150130
0.382000    2.150949
0.383000    2.151771
0.384000    2.152595
0.385000    2.153421
0.386000    2.154250
0.387000    2.155082
0.388000    2.155916
0.389000    2.156753
0.390000    2.157592
0.391000    2.158433
0.392000    2.159277
0.393000    2.160123
0.394000    2.160972
0.395000    2.161824
0.396000    2.162678
0.397000    2.163534
0.398000    2.164393
0.399000    2.165255
0.400000    2.166119
0.401000    2.166985
0.402000    2.167854
0.403000    2.168725
0.404000    2.169600
0.405000    2.170476
0.406000    2.171355
0.407000    2.172237
0.408000    2.173121
0.409000    2.174007
0.410000    2.174896
0.411000    2.175788
0.412000    2.176682
0.413000    2.177579
0.414000    2.178478
0.415000    2.179380
0.416000    2.180285
0.417000    2.181192
0.418000    2.182101
0.419000    2.183014
0.420000    2.183928
0.421000    2.184845
0.422000    2.185765
0.423000    2.186688
0.424000    2.187613
0.425000    2.188540
0.426000    2.189470
0.427000    2.190403
0.428000    2.191338
0.429000    2.192276
0.430000    2.193217
0.431000    2.194160
0.432000    2.195106
0.433000    2.196054
0.434000    2.197005
0.435000    2.197958
0.436000    2.198914
0.437000    2.199873
0.438000    2.200834
0.439000    2.201798
0.440000    2.202765
0.441000    2.203734
0.442000    2.204705
0.443000    2.205680
0.444000    2.206657
0.445000    2.207637
0.446000    2.208619
0.447000    2.209604
0.448000    2.210592
0.449000    2.211582
0.450000    2.212575
0.451000    2.213571
0.452000    2.214569
0.453000    2.215570
0.454000    2.216574
0.455000    2.217580
0.456000    2.218589
0.457000    2.219601
0.458000    2.220615
0.459000    2.221632
0.460000    2.222652
0.461000    2.223674
0.462000    2.224699
0.463000    2.225727
0.464000    2.226758
0.465000    2.227791
0.466000    2.228827
0.467000    2.229866
0.468000    2.230907
0.469000    2.231951
0.470000    2.232998
0.471000    2.234047
0.472000    2.235100
0.473000    2.236155
0.474000    2.237212
0.475000    2.238273
0.476000    2.239336
0.477000    2.240402
0.478000    2.241470
0.479000    2.242542
0.480000    2.243616
0.481000    2.244693
0.482000    2.245773
0.483000    2.246855
0.484000    2.247940
0.485000    2.249028
0.486000    2.250119
0.487000    2.251213
0.488000    2.252309
0.489000    2.253408
0.490000    2.254510
0.491000    2.255615
0.492000    2.256722
0.493000    2.257832
0.494000    2.258945
0.495000    2.260062
0.496000    2.261180
0.497000    2.262302
0.498000    2.263426
0.499000    2.264553
0.500000    2.265683
0.501000    2.266816
0.502000    2.267952
0.503000    2.269090
0.504000    2.270231
0.505000    2.271376
0.506000    2.272523
0.507000    2.273673
0.508000    2.274825
0.509000    2.275981
0.510000    2.277139
0.511000    2.278301
0.512000    2.279465
0.513000    2.280632
0.514000    2.281802
0.515000    2.282975
0.516000    2.284150
0.517000    2.285329
0.518000    2.286510
0.519000    2.287695
0.520000    2.288882
0.521000    2.290072
0.522000    2.291265
0.523000    2.292462
0.524000    2.293661
0.525000    2.294863
0.526000    2.296067
0.527000    2.297275
0.528000    2.298486
0.529000    2.299699
0.530000    2.300916
0.531000    2.302135
0.532000    2.303358
0.533000    2.304583
0.534000    2.305812
0.535000    2.307043
0.536000    2.308277
0.537000    2.309514
0.538000    2.310755
0.539000    2.311998
0.540000    2.313244
0.541000    2.314493
0.542000    2.315745
0.543000    2.317000
0.544000    2.318258
0.545000    2.319520
0.546000    2.320784
0.547000    2.322051
0.548000    2.323321
0.549000    2.324594
0.550000    2.325870
0.551000    2.327149
0.552000    2.328432
0.553000    2.329717
0.554000    2.331005
0.555000    2.332297
0.556000    2.333591
0.557000    2.334888
0.558000    2.336189
0.559000    2.337493
0.560000    2.338799
0.561000    2.340109
0.562000    2.341422
0.563000    2.342738
0.564000    2.344057
0.565000    2.345379
0.566000    2.346704
0.567000    2.348032
0.568000    2.349363
0.569000    2.350698
0.570000    2.352035
0.571000    2.353376
0.572000    2.354720
0.573000    2.356066
0.574000    2.357416
0.575000    2.358770
0.576000    2.360126
0.577000    2.361485
0.578000    2.362848
0.579000    2.364214
0.580000    2.365582
0.581000    2.366955
0.582000    2.368330
0.583000    2.369708
0.584000    2.371090
0.585000    2.372474
0.586000    2.373862
0.587000    2.375253
0.588000    2.376648
0.589000    2.378045
0.590000    2.379446
0.591000    2.380850
0.592000    2.382257
0.593000    2.383667
0.594000    2.385081
0.595000    2.386497
0.596000    2.387917
0.597000    2.389340
0.598000    2.390767
0.599000    2.392197
0.600000    2.393630
0.601000    2.395066
0.602000    2.396505
0.603000    2.397948
0.604000    2.399394
0.605000    2.400843
0.606000    2.402296
0.607000    2.403751
0.608000    2.405210
0.609000    2.406673
0.610000    2.408139
0.611000    2.409607
0.612000    2.411080
0.613000    2.412555
0.614000    2.414034
0.615000    2.415516
0.616000    2.417002
0.617000    2.418491
0.618000    2.419983
0.619000    2.421479
0.620000    2.422978
0.621000    2.424480
0.622000    2.425986
0.623000    2.427495
0.624000    2.429007
0.625000    2.430522
0.626000    2.432041
0.627000    2.433564
0.628000    2.435090
0.629000    2.436619
0.630000    2.438152
0.631000    2.439688
0.632000    2.441227
0.633000    2.442770
0.634000    2.444316
0.635000    2.445866
0.636000    2.447419
0.637000    2.448976
0.638000    2.450536
0.639000    2.452099
0.640000    2.453666
0.641000    2.455237
0.642000    2.456810
0.643000    2.458388
0.644000    2.459969
0.645000    2.461553
0.646000    2.463140
0.647000    2.464732
0.648000    2.466326
0.649000    2.467925
0.650000    2.469526
0.651000    2.471132
0.652000    2.472740
0.653000    2.474352
0.654000    2.475968
0.655000    2.477587
0.656000    2.479210
0.657000    2.480837
0.658000    2.482466
0.659000    2.484100
0.660000    2.485737
0.661000    2.487377
0.662000    2.489022
0.663000    2.490669
0.664000    2.492321
0.665000    2.493975
0.666000    2.495634
0.667000    2.497296
0.668000    2.498961
0.669000    2.500631
0.670000    2.502304
0.671000    2.503980
0.672000    2.505661
0.673000    2.507344
0.674000    2.509032
0.675000    2.510723
0.676000    2.512418
0.677000    2.514116
0.678000    2.515818
0.679000    2.517524
0.680000    2.519233
0.681000    2.520946
0.682000    2.522663
0.683000    2.524384
0.684000    2.526108
0.685000    2.527836
0.686000    2.529567
0.687000    2.531302
0.688000    2.533041
0.689000    2.534784
0.690000    2.536531
0.691000    2.538281
0.692000    2.540035
0.693000    2.541793
0.694000    2.543554
0.695000    2.545319
0.696000    2.547088
0.697000    2.548861
0.698000    2.550638
0.699000    2.552418
0.700000    2.554202
0.701000    2.555990
0.702000    2.557782
0.703000    2.559577
0.704000    2.561377
0.705000    2.563180
0.706000    2.564987
0.707000    2.566797
0.708000    2.568612
0.709000    2.570431
0.710000    2.572253
0.711000    2.574080
0.712000    2.575910
0.713000    2.577744
0.714000    2.579582
0.715000    2.581424
0.716000    2.583270
0.717000    2.585119
0.718000    2.586973
0.719000    2.588830
0.720000    2.590692
0.721000    2.592557
0.722000    2.594426
0.723000    2.596299
0.724000    2.598176
0.725000    2.600058
0.726000    2.601943
0.727000    2.603832
0.728000    2.605725
0.729000    2.607621
0.730000    2.609522
0.731000    2.611427
0.732000    2.613336
0.733000    2.615249
0.734000    2.617166
0.735000    2.619087
0.736000    2.621012
0.737000    2.622941
0.738000    2.624874
0.739000    2.626812
0.740000    2.628753
0.741000    2.630698
0.742000    2.632647
0.743000    2.634601
0.744000    2.636558
0.745000    2.638520
0.746000    2.640486
0.747000    2.642455
0.748000    2.644429
0.749000    2.646407
0.750000    2.648389
0.751000    2.650376
0.752000    2.652366
0.753000    2.654361
0.754000    2.656359
0.755000    2.658362
0.756000    2.660369
0.757000    2.662380
0.758000    2.664396
0.759000    2.666415
0.760000    2.668439
0.761000    2.670467
0.762000    2.672499
0.763000    2.674536
0.764000    2.676576
0.765000    2.678621
0.766000    2.680670
0.767000    2.682724
0.768000    2.684782
0.769000    2.686843
0.770000    2.688910
0.771000    2.690980
0.772000    2.693055
0.773000    2.695134
0.774000    2.697217
0.775000    2.699305
0.776000    2.701396
0.777000    2.703493
0.778000    2.705593
0.779000    2.707698
0.780000    2.709808
0.781000    2.711921
0.782000    2.714039
0.783000    2.716162
0.784000    2.718288
0.785000    2.720420
0.786000    2.722555
0.787000    2.724695
0.788000    2.726840
0.789000    2.728988
0.790000    2.731142
0.791000    2.733299
0.792000    2.735461
0.793000    2.737628
0.794000    2.739799
0.795000    2.741974
0.796000    2.744154
0.797000    2.746338
0.798000    2.748527
0.799000    2.750721
0.800000    2.752918
0.801000    2.755121
0.802000    2.757327
0.803000    2.759539
0.804000    2.761755
0.805000    2.763975
0.806000    2.766200
0.807000    2.768429
0.808000    2.770663
0.809000    2.772902
0.810000    2.775146
0.811000    2.777393
0.812000    2.779646
0.813000    2.781903
0.814000    2.784165
0.815000    2.786431
0.816000    2.788702
0.817000    2.790977
0.818000    2.793258
0.819000    2.795543
0.820000    2.797832
0.821000    2.800127
0.822000    2.802425
0.823000    2.804729
0.824000    2.807037
0.825000    2.809350
0.826000    2.811668
0.827000    2.813990
0.828000    2.816318
0.829000    2.818650
0.830000    2.820986
0.831000    2.823328
0.832000    2.825674
0.833000    2.828025
0.834000    2.830381
0.835000    2.832741
0.836000    2.835107
0.837000    2.837477
0.838000    2.839852
0.839000    2.842232
0.840000    2.844616
0.841000    2.847006
0.842000    2.849400
0.843000    2.851799
0.844000    2.854203
0.845000    2.856612
0.846000    2.859026
0.847000    2.861445
0.848000    2.863869
0.849000    2.866297
0.850000    2.868731
0.851000    2.871169
0.852000    2.873612
0.853000    2.876061
0.854000    2.878514
0.855000    2.880972
0.856000    2.883436
0.857000    2.885904
0.858000    2.888377
0.859000    2.890855
0.860000    2.893338
0.861000    2.895827
0.862000    2.898320
0.863000    2.900818
0.864000    2.903322
0.865000    2.905830
0.866000    2.908344
0.867000    2.910862
0.868000    2.913386
0.869000    2.915915
0.870000    2.918449
0.871000    2.920988
0.872000    2.923532
0.873000    2.926082
0.874000    2.928636
0.875000    2.931196
0.876000    2.933761
0.877000    2.936331
0.878000    2.938906
0.879000    2.941486
0.880000    2.944072
0.881000    2.946663
0.882000    2.949259
0.883000    2.951860
0.884000    2.954466
0.885000    2.957078
0.886000    2.959695
0.887000    2.962317
0.888000    2.964945
0.889000    2.967578
0.890000    2.970216
0.891000    2.972859
0.892000    2.975508
0.893000    2.978162
0.894000    2.980822
0.895000    2.983487
0.896000    2.986157
0.897000    2.988832
0.898000    2.991513
0.899000    2.994200
0.900000    2.996891
0.901000    2.999589
0.902000    3.002291
0.903000    3.004999
0.904000    3.007713
0.905000    3.010432
0.906000    3.013156
0.907000    3.015886
0.908000    3.018621
0.909000    3.021362
0.910000    3.024109
0.911000    3.026860
0.912000    3.029618
0.913000    3.032381
0.914000    3.035150
0.915000    3.037924
0.916000    3.040704
0.917000    3.043489
0.918000    3.046280
0.919000    3.049076
0.920000    3.051878
0.921000    3.054686
0.922000    3.057499
0.923000    3.060318
0.924000    3.063143
0.925000    3.065973
0.926000    3.068809
0.927000    3.071651
0.928000    3.074498
0.929000    3.077352
0.930000    3.080210
0.931000    3.083075
0.932000    3.085945
0.933000    3.088821
0.934000    3.091703
0.935000    3.094591
0.936000    3.097484
0.937000    3.100384
0.938000    3.103289
0.939000    3.106200
0.940000    3.109116
0.941000    3.112039
0.942000    3.114967
0.943000    3.117902
0.944000    3.120842
0.945000    3.123788
0.946000    3.126740
0.947000    3.129698
0.948000    3.132662
0.949000    3.135631
0.950000    3.138607
0.951000    3.141589
0.952000    3.144576
0.953000    3.147570
0.954000    3.150569
0.955000    3.153575
0.956000    3.156587
0.957000    3.159605
0.958000    3.162628
0.959000    3.165658
0.960000    3.168694
0.961000    3.171736
0.962000    3.174784
0.963000    3.177838
0.964000    3.180898
0.965000    3.183964
0.966000    3.187037
0.967000    3.190116
0.968000    3.193201
0.969000    3.196292
0.970000    3.199389
0.971000    3.202492
0.972000    3.205602
0.973000    3.208718
0.974000    3.211840
0.975000    3.214968
0.976000    3.218103
0.977000    3.221244
0.978000    3.224391
0.979000    3.227545
0.980000    3.230704
0.981000    3.233871
0.982000    3.237043
0.983000    3.240222
0.984000    3.243407
0.985000    3.246598
0.986000    3.249796
0.987000    3.253000
0.988000    3.256211
0.989000    3.259429
0.990000    3.262652
0.991000    3.265882
0.992000    3.269119
0.993000    3.272362
0.994000    3.275611
0.995000    3.278867
0.996000    3.282130
0.997000    3.285398
0.998000    3.288674
0.999000    3.291956
