   25.000000000000000     
   37.500000000000000     
   31.250000000000000     
   34.375000000000000     
   35.937500000000000     
   35.156250000000000     
   34.765625000000000     
   34.570312500000000     
   34.472656250000000     
   34.521484375000000     
   34.497070312500000     
   34.509277343750000     
   34.503173828125000     
   34.500122070312500     
   34.498596191406250     
   34.499359130859375     
   34.499740600585938     
   34.499931335449219     
   34.500026702880859     
   34.499979019165039     
   34.500002861022949     
   34.499990940093994     
   34.499996900558472     
   34.499999880790710     
   34.500001370906830     
   34.500000625848770     
   34.500000253319740     
